1
10
100
101
102
103
104
105
106
107
108
109
11
110
111
112
113
114
116
117
118
119
12
121
122
123
124
125
126
127
128
129
13
130
131
132
133
135
136
137
138
139
14
140
141
143
144
145
146
147
148
149
15
151
152
153
154
155
156
157
158
159
16
160
161
162
163
164
165
166
167
168
169
17
170
171
172
173
174
177
178
179
18
180
181
182
183
184
185
186
187
188
189
19
191
192
193
194
195
196
197
198
199
2
20
200
21
22
23
24
25
27
28
29
3
30
31
32
33
34
35
36
37
38
39
4
40
42
43
44
45
46
47
48
49
50
51
52
53
54
55
56
57
58
59
6
60
61
62
64
65
66
67
69
7
70
72
73
74
75
76
77
78
79
80
81
82
83
84
85
86
87
88
90
91
92
95
97
98
99
